world: 241d6a89-6b45-4555-8955-c40cb2c11948
world-name: test
x: 418.21007385097636
y: 80.0
z: -1299.5699739828697
yaw: 10.972966194152832
pitch: 44.60954666137695
name: forest
lastowner: 6eb69c7e-03e2-4efb-a376-f8cce77bc660
